DetID   ZOffset  X0(Roff)     X4(Angle)       Y0   	   Y4      Comment
0           0.0      10.097       0.2505        0.2505    10.097     QQQ_0
1	    0.8028   0.2505	  10.097	-10.097	  -0.2505    QQQ_1
2 	    0.0	    -10.097 	  -0.2505	-0.2505   -10.097    QQQ_2
3 	    0.0	    -0.2505	  -10.097	10.097	  0.2505     QQQ_3
4 	    0.0	     12.2	   344.0	 +100.0   +100.0     Forward_E
5	    0.0	     12.2	    44.0	 +100.0   +100.0     Forward_F
6	    2.5	    +7.71	   +4.88	  -4.89    -7.71     R1a_A
7	    2.5	    +9.11          +8.08          -0.37    -4.24     R1a_B
8	    2.5	    +8.08	   +9.12	  +4.24    +0.37     R1a_C
9	    2.5     +4.88	   +7.71	  +7.71    +4.88     R1a_D
10	    2.5	    +0.37	   +4.24	  +9.12    +8.08     R1a_E
11	    2.5	    -4.24	   -0.37	  +8.08    +9.12     R1a_F
12	    2.5	    -7.71	   -4.88	  +4.88    +7.71     R1b_A
13	    2.5	    -9.12          -8.08	  +0.37    +4.24     R1b_B
14	    2.5	    -8.08          -9.12	  -4.24    -0.37     R1b_C
15	    2.5	    -4.88          -7.71	  -7.71    -4.88     R1b_D
16	    2.5	    -0.37          -4.24          -9.12    -8.08     R1b_E
17	    2.5	    +4.24          +0.37	  -8.08    -9.12     R1b_F
18	    14.9    +7.71          +4.88	  -4.89    -7.71     R2a_A
19	    14.9    +9.11          +8.08          -0.37    -4.24     R2a_B
20	    14.9    +8.08          +9.12	  +4.24    +0.37     R2a_C
21	    14.9    +4.88	   +7.71	  +7.71    +4.88     R2a_D
22	    14.9    +0.37	   +4.24	  +9.12    +8.08     R2a_E
23	    14.9    -4.24          -0.37	  +8.08    +9.12     R2a_F
24	    14.9    -7.71	   -4.88	  +4.88    +7.71     R2b_A
25	    14.9    -9.12	   -8.08	  +0.37    +4.24     R2b_B
26	    14.9    -8.08          -9.12	  -4.24    -0.37     R2b_C
27	    14.9    -4.88          -7.71	  -7.71    -4.88     R2b_D
28	    14.9    -0.37          -4.24          -9.12    -8.08     R2b_E
29	    14.9    +4.24	   +0.37	  -8.08    -9.12     R2b_F
30	    3.1	     -2.0	    +2.0           +4.5	    +4.5     New1_1	
31	    3.1	     -4.5           -4.5           -2.0	    +2.0     New1_2
32	    3.1	     +2.0	    -2.0	   -4.5	    -4.5     New1_3
33	    3.1	     +4.5	    +4.5	   +2.0	    -2.0     New1_4
34	    14.3     -2.0	    +2.0	   +4.5	    +4.5     New2_1	
35	    14.3     -4.5	    -4.5	   -2.0	    +2.0     New2_2
36	    14.3     +2.0	    -2.0	   -4.5	    -4.5     New2_3
37	    14.3     +4.5	    +4.5	   +2.0	    -2.0     New2_4
